50263,00000000050263,A1,24/03/2020,HPV Test Plate ID,142_E10,,2020_03_24_18_19_57_645,,,0,0,0,0,0,1,0,0,0,0,0,0,0,0,0,0,0,0,0,0,0,0,-1,0,0,0,0,0,0,0,0,0,1,,,,,,,,,,,,,,,,,,0,0,,,,,,,,2,POSITIVE TYPE: 31 (HR); UNCERTAIN: 68 (HR),1,1,,,,,,,
50263,00000000050263,B1,24/03/2020,HPV Test Plate ID,7304_H1,,2020_03_24_18_19_57_645,,,0,0,0,0,0,1,0,0,0,0,0,0,0,0,0,0,0,1,0,0,0,0,1,0,0,0,0,0,0,0,0,0,1,,,,,,,,,,,,,,,,,,0,0,,,,,,,,2,POSITIVE TYPE: 31 (HR); 56 (HR); 68 (HR),1,1,,,,,,,
50263,00000000050263,C1,24/03/2020,HPV Test Plate ID,61_F2,,2020_03_24_18_19_57_645,,,0,0,0,0,0,1,0,0,0,0,0,0,0,0,0,0,0,0,0,0,0,0,0,0,0,0,0,0,0,0,0,0,1,,,,,,,,,,,,,,,,,,0,0,,,,,,,,2,POSITIVE TYPE: 31 (HR),1,1,,,,,,,
50263,00000000050263,D1,24/03/2020,HPV Test Plate ID,8331_C1,,2020_03_24_18_19_57_645,,,0,0,1,0,0,0,1,0,0,0,0,0,0,0,0,0,0,1,0,0,0,0,1,0,0,0,0,0,0,0,0,0,1,,,,,,,,,,,,,,,,,,0,0,,,,,,,,2,POSITIVE TYPE: 16 (HR); 33 (HR); 56 (HR); 68 (HR),1,1,,,,,,,
50263,00000000050263,E1,24/03/2020,HPV Test Plate ID,8524_G6,,2020_03_24_18_19_57_645,,,0,0,1,0,0,0,0,0,1,0,0,0,0,1,0,1,0,0,0,0,0,0,-1,0,0,0,0,0,0,0,1,0,1,,,,,,,,,,,,,,,,,,0,0,,,,,,,,2,POSITIVE TYPE: 16 (HR); 39 (HR); 51 (HR); 53 (PHR); 83 (LR); UNCERTAIN: 68 (HR),1,1,,,,,,,
50263,00000000050263,F1,24/03/2020,HPV Test Plate ID,7220_B4,,2020_03_24_18_19_57_645,,,0,0,0,0,0,0,0,0,1,0,0,0,0,1,0,0,1,0,1,0,0,0,1,0,0,0,0,1,0,0,0,0,1,,,,,,,,,,,,,,,,,,0,0,,,,,,,,2,POSITIVE TYPE: 39 (HR); 51 (HR); 54 (LR); 58 (HR); 68 (HR); 73 (PHR),1,1,,,,,,,
50263,00000000050263,G1,24/03/2020,HPV Test Plate ID,138_B3,,2020_03_24_18_19_57_645,,,0,0,0,0,0,0,0,0,1,0,0,0,0,0,0,0,0,0,0,0,0,0,0,0,0,0,0,0,0,0,0,0,1,,,,,,,,,,,,,,,,,,2,0,,,,,,,,2,POSITIVE TYPE: 39 (HR),1,1,,,,,,,
50263,00000000050263,H1,24/03/2020,HPV Test Plate ID,138_F2,,2020_03_24_18_19_57_645,,,1,0,0,0,0,0,1,0,0,0,0,0,0,0,0,0,0,0,0,0,0,0,0,0,0,0,0,0,0,0,0,0,1,,,,,,,,,,,,,,,,,,2,0,,,,,,,,2,POSITIVE TYPE: 33 (HR); 66 (HR),1,1,,,,,,,
50263,00000000050263,A2,24/03/2020,HPV Test Plate ID,131_C1,,2020_03_24_18_19_57_645,,,0,0,1,0,0,0,1,0,0,0,0,0,0,0,0,0,0,0,0,0,0,0,1,0,0,0,0,0,0,0,0,0,1,,,,,,,,,,,,,,,,,,0,0,,,,,,,,2,POSITIVE TYPE: 16 (HR); 33 (HR); 68 (HR),1,1,,,,,,,
50263,00000000050263,B2,24/03/2020,HPV Test Plate ID,8343_F5,,2020_03_24_18_19_57_645,,,0,0,0,0,0,0,1,0,0,0,0,0,0,0,0,0,0,0,-1,0,0,0,1,0,0,0,0,0,0,0,0,0,1,,,,,,,,,,,,,,,,,,0,0,,,,,,,,2,POSITIVE TYPE: 33 (HR); 68 (HR); UNCERTAIN: 58 (HR),1,1,,,,,,,
50263,00000000050263,C2,24/03/2020,HPV Test Plate ID,136_G2,,2020_03_24_18_19_57_645,,,0,0,0,0,0,0,1,0,0,0,0,0,0,0,0,0,0,0,-1,0,0,0,0,0,0,0,0,0,0,0,0,0,1,,,,,,,,,,,,,,,,,,2,0,,,,,,,,2,POSITIVE TYPE: 33 (HR); UNCERTAIN: 58 (HR),1,1,,,,,,,
50263,00000000050263,D2,24/03/2020,HPV Test Plate ID,8343_A6,,2020_03_24_18_19_57_645,,,0,0,0,0,0,0,0,1,0,0,0,0,0,0,0,0,0,0,1,0,0,0,0,0,0,0,0,0,0,0,0,0,1,,,,,,,,,,,,,,,,,,0,0,,,,,,,,2,POSITIVE TYPE: 35 (HR); 58 (HR),1,1,,,,,,,
50263,00000000050263,E2,24/03/2020,HPV Test Plate ID,8517_F3,,2020_03_24_18_19_57_645,,,0,0,0,0,0,0,0,1,0,0,0,0,0,0,0,0,0,0,0,0,0,0,0,0,0,0,0,0,0,0,0,0,1,,,,,,,,,,,,,,,,,,2,2,,,,,,,,2,POSITIVE TYPE: 35 (HR),1,1,,,,,,,
50263,00000000050263,F2,24/03/2020,HPV Test Plate ID,142_F5,,2020_03_24_18_19_57_645,,,0,0,0,0,0,0,0,0,0,0,0,0,1,0,0,0,0,0,0,0,0,0,1,0,0,0,0,0,0,0,0,0,1,,,,,,,,,,,,,,,,,,0,0,,,,,,,,2,POSITIVE TYPE: 45 (HR); 68 (HR),1,1,,,,,,,
50263,00000000050263,G2,24/03/2020,HPV Test Plate ID,63_C12,,2020_03_24_18_19_57_645,,,0,0,0,0,0,0,0,0,0,0,0,0,0,0,0,0,0,0,1,0,0,0,1,0,0,0,0,0,0,0,1,0,1,,,,,,,,,,,,,,,,,,0,0,,,,,,,,2,POSITIVE TYPE: 58 (HR); 68 (HR); 83 (LR),1,1,,,,,,,
50263,00000000050263,H2,24/03/2020,HPV Test Plate ID,8342_C6,,2020_03_24_18_19_57_645,,,0,0,0,0,0,0,0,0,0,0,0,0,0,0,0,0,0,0,-1,0,0,0,1,0,0,0,0,0,0,0,0,0,1,,,,,,,,,,,,,,,,,,2,0,,,,,,,,2,POSITIVE TYPE: 68 (HR); UNCERTAIN: 58 (HR),1,1,,,,,,,
